<?xml version="1.0"?>
<rss version="2.0" 
     xmlns:content="http://purl.org/rss/1.0/modules/content/"
     xmlns:geo="http://www.w3.org/2003/01/geo/wgs84_pos#" >
   <channel>
      <title>Midtsjælland, Danmark, Weather Conditions</title>
      <link>https://www.pbo.dk/vejret</link>
      <description>Current conditions, and daily, monthly, and yearly summaries</description>
      <language>en-us</language>
      <pubDate>ons, 30 nov 2022 16:20:00 CET</pubDate>

      <lastBuildDate>ons, 30 nov 2022 16:20:00 CET</lastBuildDate>
      <docs>http://blogs.law.harvard.edu/tech/rss</docs>
      <generator>weewx 4.0.0</generator>
      <ttl>5,000000 minutes</ttl>
      
      <item>
         <title>Weather Conditions at 30-11-2022 16:20:00</title>
         <link>https://www.pbo.dk/vejret</link>
         <description>
           Outside temperature: 5,4°C; 
           Barometer: 1029,2 mbar; 
           Wind: 6,9 m/s from 158°; 
           Rain rate: 0,0 mm/hr; 
           Inside temperature: 19,8°C
         </description>
         <pubDate>ons, 30 nov 2022 16:20:00 CET</pubDate>
	     <geo:lat>55.575143</geo:lat>
    	 <geo:long>11.826449</geo:long>
 		 <content:encoded><![CDATA[
           <p>
             Time:                30-11-2022 16:20:00<br/>
             Outside Temperature: 5,4°C<br/>
             Inside Temperature:  19,8°C<br/>
             Wind Chill:          3,9°C<br/>
             Heat Index:          5,4°C<br/>
             Dewpoint:            -7,4°C<br/>
             Humidity:            39%<br/>
             Barometer:           1029,2 mbar<br/>
             Wind:                6,9 m/s from 158°<br/>
             Rain Rate:           0,0 mm/hr<br/>
        </p>
      ]]></content:encoded>
      </item>

      <item>
         <title>Daily Weather Summary as of 30-11-2022 16:20:00</title>
         <link>https://www.pbo.dk/vejret</link>
         <description>
	        Min outside temperature: 5,4°C at 00:10:00;
         	Max outside temperature: 5,4°C at 00:00:56;
	        Min inside temperature:  19,8°C at 07:15:19;
	        Max inside temperature:  21,8°C at 00:00:56;
	        Min barometer:           1026,0 mbar at 00:00:56;
	        Max barometer:           1029,2 mbar at 14:36:42;
            Max wind :               6,9 m/s from 158° at 00:05:00;
            Rain today:              0,0 mm
         </description>
         <pubDate>ons, 30 nov 2022 16:20:00 CET</pubDate>
	     <geo:lat>55.575143</geo:lat>
    	 <geo:long>11.826449</geo:long>
 		 <content:encoded><![CDATA[
           <p>
             Day:                     30 nov 2022<br/>
	         Min Outside Temperature: 5,4°C at 00:10:00<br/>
	         Max Outside Temperature: 5,4°C at 00:00:56<br/>
	         Min Inside Temperature:  19,8°C at 07:15:19<br/>
	         Max Inside Temperature:  21,8°C at 00:00:56<br/>
	         Min Barometer:           1026,0 mbar at 00:00:56<br/>
	         Max Barometer:           1029,2 mbar at 14:36:42<br/>
             Max Wind :               6,9 m/s from 158° at 00:05:00<br/>
             Rain today:              0,0 mm<br/>
        </p>
      ]]></content:encoded>
      </item>

      <item>
         <title>Monthly Weather Summary as of 30-11-2022 16:20:00</title>
         <link>https://www.pbo.dk/vejret/month.html</link>
         <description>
	        Min outside temperature: -3,6°C at 20-11-2022 18:36:16;
         	Max outside temperature: 47,3°C at 27-11-2022 21:11:18;
	        Min inside temperature:  18,1°C at 21-11-2022 08:15:00;
	        Max inside temperature:  33,9°C at 20-11-2022 14:01:24;
	        Min barometer:           993,5 mbar at 04-11-2022 05:09:30;
	        Max barometer:           1029,2 mbar at 30-11-2022 14:36:42;
            Max wind :               13,9 m/s from 180° at 07-11-2022 10:52:35;
            Rain total for month:    7,9 mm
         </description>
         <pubDate>ons, 30 nov 2022 16:20:00 CET</pubDate>
 		 <content:encoded><![CDATA[
           <p>
             Month:                   november 2022<br/>
	         Max Outside Temperature: 47,3°C at 27-11-2022 21:11:18<br/>
	         Min Outside Temperature: -3,6°C at 20-11-2022 18:36:16<br/>
	         Max Inside Temperature:  33,9°C at 20-11-2022 14:01:24<br/>
	         Min Inside Temperature:  18,1°C at 21-11-2022 08:15:00<br/>
	         Min Barometer:           993,5 mbar at 04-11-2022 05:09:30<br/>
	         Max Barometer:           1029,2 mbar at 30-11-2022 14:36:42<br/>
             Max Wind :               13,9 m/s from 180° at 07-11-2022 10:52:35<br/>
             Rain total for month:    7,9 mm<br/>
        </p>
      ]]></content:encoded>
      </item>

      <item>
         <title>Yearly Weather Summary as of 30-11-2022 16:20:00</title>
         <link>https://www.pbo.dk/vejret/year.html</link>
         <description>
	        Min outside temperature: -5,2°C at 02-04-2022 06:39:12;
         	Max outside temperature: 48,8°C at 27-08-2022 06:45:26;
	        Min inside temperature:  18,1°C at 21-11-2022 08:15:00;
	        Max inside temperature:  42,1°C at 19-03-2022 14:24:47;
	        Min barometer:           956,5 mbar at 07-04-2022 19:42:22;
	        Max barometer:           1039,3 mbar at 12-01-2022 11:10:37;
            Max wind :               33,1 m/s from 270° at 30-01-2022 01:19:48;
            Rain total for year:     431,2 mm
         </description>
         <pubDate>ons, 30 nov 2022 16:20:00 CET</pubDate>
 		 <content:encoded><![CDATA[
           <p>
             Year:                    2022<br/>
	         Max Outside Temperature: 48,8°C at 27-08-2022 06:45:26<br/>
	         Min Outside Temperature: -5,2°C at 02-04-2022 06:39:12<br/>
	         Max Inside Temperature:  42,1°C at 19-03-2022 14:24:47<br/>
	         Min Inside Temperature:  18,1°C at 21-11-2022 08:15:00<br/>
	         Min Barometer:           956,5 mbar at 07-04-2022 19:42:22<br/>
	         Max Barometer:           1039,3 mbar at 12-01-2022 11:10:37<br/>
             Max Wind :               33,1 m/s from 270° at 30-01-2022 01:19:48<br/>
             Rain total for year:     431,2 mm<br/>
        </p>
      ]]></content:encoded>
      </item>

   </channel>
</rss>
